# Name X Y lay hi h0 RC STO Hdiff
Pz0 150250 4198750 1 0.00 92.00 50 0.075
Pz1 150250 4198850 1 0.00 92.50 50 0.075 1
Pz2 150450 4199050 1 0.00 93.00 50 0.075 1
#Pz3 150250 4199250 1 0.00 94.00 50 0.075
#Pz4 150450 4199350 1 0.25 94.75 50 0.075
#Pz5 150250 4199750 1 1.00 96.50 50 0.075
#Pz6 150150 4199850 1 1.00 96.50 50 0.075
#Pz7 150150 4198950 1 1.00 93.00 50 0.075
#Pz8 150550 4199650 1 1.00 96.00 50 0.075 1
#Pz9 150450 4198850 1 1.00 93.00 50 0.075
#Pz10 150150 4199250 1 1.00 94.00 50 0.075
#Pz11 150550 4199850 2 0.00 96.00 50 0.075
#Pz12 150050 4199050 2 0.00 91.00 50 0.075